10	0				0
11  40907   40907
12  81388   81797
13  122219  122739
14  162992  162869
15  203417  203318
16  244158  243625
17  285138  284264
18  326034  325065
19  366744  365496
20  407355  405463
21  448368  445577
22  489225  485859
23  530003  526304
24  570762  566467
25  611374  606831
26  652144  647396
27  692612  687810
28  733307  728045
29  773917  768444
30  814610  809121
31  854836  849627
32  895485  890072
33  936361  930502
34  977025  970831
35  1018047 1011779
36  1058959 1052634
37  1099911 1092988
38  1140420 1132968
39  1180648 1174019
40  1221260 1215001
41  1262121 1254824
42  1302473 1295859
43  1343251 1336501
44  1383931 1377027
45  1424407 1417054
46  1465221 1457417
47  1505962 1498017
48  1546491 1538934
49  1587445 1579578
50  1628104 1619983
51  1668526 1660532
52  1709216 1701012
53  1749938 1741933
54  1790850 1782274
55  1831680 1823100
56  1872412 1863436
57  1912674 1903768
58  1953606 1944433
59  1994341 1985064
60  2034880 2025751
61  2075505 2066426
62  2116188 2107060
63  2157303 2147603
64  2197906 2187970
65  2238739 2228856
66  2279408 2269014
67  2319948 2309703
68  2360900 2350230
69  2401490 2391150
70  2442281 2431394
71  2483012 2471642
72  2523883 2512895
73  2564567 2553462
74  2605351 2593524
75  2646304 2633633
76  2687260 2672850
77  2727972 2712926
78  2768666 2753651
79  2809324 2794597
8   2850317 2834779
9   2890923 2874719
minBias	0	0
minBias	1	0
minBias	2	0
minBias	3	0
minBias	4	0
minBias	5	0
minBias	6	0
minBias	7	0
minBias	8	0
minBias	9	0
minBias 10	0
minBias 11	0
minBias 12	0
minBias 13	0
minBias 14	0
minBias 15	0
minBias 16	0
minBias 17	0
minBias 18	0
minBias 19	0
minBias 20	0
minBias 21	0
minBias 22	0
minBias 23	0
minBias 24	0
minBias 25	0
minBias 26	0
minBias 27	0
minBias 28	0
minBias 29	0
minBias 30	0
minBias 31	0
minBias 32	0
minBias 33	0
minBias 34	0
minBias 35	0
minBias 36	0
minBias 37	0
minBias 38	0
minBias 39	0
minBias 40	0
minBias 41	0
minBias 42	0
